##@@&&
#
$$$REPLACEQUANTITY
300000;2200000000019;Молочные продукты шт;Молочные продукты шт;1;;;0,1,1,0,0,0,0,1,,;;;;;;1;;;1;;;;;;;;;;;;;;;;;;;;;;2;;;;;;;;;;;;;;;;0;1;;;
300001;2200000000057;Крупы шт;Крупы шт;1;;;0,1,1,0,0,0,0,1,,;;;;;;1;;;1;;;;;;;;;;;;;;;;;;;;;;2;;;;;;;;;;;;;;;;0;1;;;
300002;2200000000125;Соусы и специи шт;Соусы и специи шт;1;;;0,1,1,0,0,0,0,1,,;;;;;;1;;;1;;;;;;;;;;;;;;;;;;;;;;2;;;;;;;;;;;;;;;;0;1;;;
300003;2200000000149;Хлебобулочные изделия шт;Хлебобулочные изделия шт;1;;;0,1,1,0,0,0,0,1,,;;;;;;1;;;1;;;;;;;;;;;;;;;;;;;;;;2;;;;;;;;;;;;;;;;0;1;;;
300004;2200000000026;Кондитерские изделия кг;Кондитерские изделия кг;1;;;0,1,1,0,0,0,0,1,,;;;;;;1;;;1;;;;;;;;;;;;;;;;;;;;;;2;;;;;;;;;;;;;;;;0;1;;;
300005;2200000000064;Мясная продукция кг;Мясная продукция кг;1;;;0,1,1,0,0,0,0,1,,;;;;;;1;;;1;;;;;;;;;;;;;;;;;;;;;;2;;;;;;;;;;;;;;;;0;1;;;
300006;2200000000101;Соки воды шт;Соки воды шт;1;;;0,1,1,0,0,0,0,1,,;;;;;;1;;;1;;;;;;;;;;;;;;;;;;;;;;2;;;;;;;;;;;;;;;;0;1;;;
300007;2200000000071;Овощи кг;Овощи кг;1;;;0,1,1,0,0,0,0,1,,;;;;;;1;;;1;;;;;;;;;;;;;;;;;;;;;;2;;;;;;;;;;;;;;;;0;1;;;
300008;2200000000132;Фрукты ягоды кг;Фрукты ягоды кг;1;;;0,1,1,0,0,0,0,1,,;;;;;;1;;;1;;;;;;;;;;;;;;;;;;;;;;2;;;;;;;;;;;;;;;;0;1;;;
300009;2200000000033;Консервированные продукты шт;Консервированные продукты шт;1;;;0,1,1,0,0,0,0,1,,;;;;;;1;;;1;;;;;;;;;;;;;;;;;;;;;;2;;;;;;;;;;;;;;;;0;1;;;
300010;2200000000088;Орехи и сухофрукты кг;Орехи и сухофрукты кг;1;;;0,1,1,0,0,0,0,1,,;;;;;;1;;;1;;;;;;;;;;;;;;;;;;;;;;2;;;;;;;;;;;;;;;;0;1;;;
300011;2200000000095;Полуфабрикаты шт;Полуфабрикаты шт;1;;;0,1,1,0,0,0,0,1,,;;;;;;1;;;1;;;;;;;;;;;;;;;;;;;;;;2;;;;;;;;;;;;;;;;0;1;;;
300012;2200000000040;Корма для животныых шт;Корма для животныых шт;1;;;0,1,1,0,0,0,0,1,,;;;;;;1;;;1;;;;;;;;;;;;;;;;;;;;;;2;;;;;;;;;;;;;;;;0;1;;;
300013;2200000000118;Сопутствующие товары шт;Сопутствующие товары шт;1;;;0,1,1,0,0,0,0,1,,;;;;;;1;;;1;;;;;;;;;;;;;;;;;;;;;;2;;;;;;;;;;;;;;;;0;1;;;
300014;2200000000156;Продукты;Продукты;1;;;0,1,1,0,0,0,0,1,,;;;;;;1;;;1;;;;;;;;;;;;;;;;;;;;;;2;;;;;;;;;;;;;;;;0;1;;;
